0 562.538353 26.232123
1 -1124.826857 390.196401
2 -964.300236 4089.776715
3 -727.806564 -2040.677539
4 5020.218499 141.903245
5 3879.889667 -2232.542507
6 -6160.616578 2604.707596
7 -10217.218765 5473.583574
8 -937.068628 -273.246411
9 4678.889907 -10452.138733
10 1601.599313 -6046.897714
11 -3627.231597 2862.106802
12 1789.846283 4257.740117
13 -841.553338 -1923.066405
14 -8448.353605 -1811.091445
15 -2429.515979 2881.460368
16 -4641.069927 -6397.079390
17 228.377096 -5712.070248
18 5027.547909 -2569.209978
19 -3292.112855 -4125.173834
20 -3119.193783 4698.520937
21 -4165.107464 1078.438453
22 -313.591489 -4515.630148
23 3956.094832 -2601.262016
24 -5950.902857 -4376.153093
25 -354.170705 4569.748603
26 -4605.774179 -2003.181071
27 3270.740744 -3739.462968
28 -1474.647584 -1609.301994
29 -6198.583067 -2596.430628
30 -2234.380831 4600.031550
31 -10917.871770 -7392.672297
32 -2290.804262 -1688.124887
33 -5808.986834 -7990.065041
34 1713.582489 -7094.291620
35 4878.275031 -2757.589788
36 1394.871183 -4446.163921
37 1851.043471 6055.719684
38 -2155.057250 1867.855357
39 -1773.504410 2443.940862
40 283.734084 -390.027111
41 -7152.119787 -2575.738040
42 5282.137119 -96.408252
43 8266.885338 -3066.809537
44 -5097.765282 -4616.175005
45 -3738.510908 12341.080277
46 -8028.910917 -1235.382580
47 1452.068120 -3147.608108
48 -6779.754503 -7940.729417
49 -5175.003845 -2143.566677
50 -3800.358620 -2060.240869
51 6845.797067 -6888.867588
52 1834.183751 -5208.491814
53 -407.510679 1854.020309
54 -7106.530194 5846.657863
55 -371.617515 212.435752
56 -3580.269466 -3781.163596
57 -3418.451063 -5182.592754
58 -515.383932 303.321562
59 2069.197090 -5682.711343
60 -433.994894 -833.258809
61 -1949.518090 6.880738
62 2503.098401 2536.209553
63 -4140.132459 -3238.062514
64 -1319.631540 1631.993403
65 2018.565755 -664.308581
66 1755.210368 -4201.207291
67 -3532.223856 1309.201683
68 -5916.614990 1880.171939
69 2565.457613 266.868506
70 -4499.009023 -6921.233105
71 -2316.543470 -963.065085
72 6695.702654 624.305947
73 -6557.793713 -6586.257242
74 -1539.380803 4637.317074
75 -4642.097264 851.291449
76 337.590099 -6983.672371
77 7493.834104 224.697480
78 179.670295 -6820.282981
79 8544.215681 8684.521124
80 6724.398519 758.411562
81 1471.946821 5952.753020
82 -11965.455157 6492.960910
83 10137.450230 8016.108000
84 -1863.585830 -10246.210953
85 83.745524 82.000756
86 -2881.260064 6581.476659
87 -2815.286637 -3067.773540
88 -8562.222966 -479.995546
89 5781.977689 -2460.427159
90 2616.890103 -7122.890003
91 275.753353 -1766.372868
92 -5899.832409 5807.342233
93 24524.465576 2311.153725
94 2967.763569 -6304.910704
95 3444.840187 9452.637415
96 1506.112913 19979.487809
97 6246.554421 -3609.601327
98 -2954.367514 6984.217480
99 -2983.959106 -83.839881
100 1392.304691 7053.209980
101 -8861.940554 -9470.937697
102 -2949.422723 4881.121911
103 -1283.345778 -7256.645285
104 -4055.851239 -4713.401734
105 -5254.996042 -3244.693278
106 1910.825263 -71.639290
107 -7139.653240 -8252.845099
108 5301.367889 1378.034516
109 3810.117934 -4075.275357
110 -1651.883378 -2166.048281
111 6731.474447 7595.241583
112 2893.172220 -968.450545
113 -342.228443 2337.118544
114 4259.838650 6845.284987
115 3123.903930 -537.315391
116 2717.836972 2185.056467
117 6418.839676 4527.377316
118 -4792.663233 1690.213540
119 -4484.413934 5854.991983
120 -4153.731492 1461.790417
121 2735.495880 -6450.318546
122 146.102233 -3790.240670
123 -1553.195526 -1609.178419
124 222.257056 3469.962076
125 3429.699144 -2168.773828
126 -10079.617324 -641.996585
127 624.707302 2665.901166
128 3886.924194 -2315.443769
129 1086.943665 -9224.259979
130 3742.582562 7245.492826
131 -7337.657860 -1132.400649
132 1592.847290 5869.076732
133 -1882.902961 -3878.234220
134 -1303.972496 -3353.834905
135 2161.006625 1535.417844
136 2178.474793 -3424.453157
137 -1031.204465 1563.639604
138 -11213.763070 1467.502718
139 2286.780300 2876.902943
140 -4500.922535 -8558.182156
141 636.654853 -4868.143940
142 -7668.263924 1090.202571
143 -11448.324782 -4372.773320
144 1539.222744 300.260454
145 5302.231167 -13808.802024
146 -2978.244360 -4396.015857
147 -1968.818851 4992.012045
148 -3831.690592 1546.310143
149 4196.383278 -3582.510281
150 -6968.145943 -2793.991918
151 5496.347810 -66.696963
152 4686.808345 519.859596
153 3564.993648 -5295.073765
154 580.518734 10664.567416
155 -5376.723279 -304.557282
156 814.826305 6742.926178
157 1036.699859 -6864.521595
158 2470.766253 288.779027
159 -2400.057403 -1262.522725
160 -287.655763 4571.283355
161 -223.292385 -2253.728201
162 855.131405 268.419754
163 850.734684 -2205.570812
164 8410.937817 2768.281500
165 -9064.047031 -2422.960032
166 -1822.619828 8068.479590
167 4491.227499 -547.445235
168 -351.313995 -8763.287565
169 10067.667516 4138.085323
170 -7013.579711 890.684857
171 -833.315596 4683.048468
172 14551.690151 5571.491990
173 -2469.002418 -11962.554820
174 138.197194 13605.191678
175 -4302.367165 4222.172116
176 2112.113200 -1011.291776
177 -2421.705339 -2955.977062
178 -3860.732739 -803.067508
179 -6067.105820 478.026179
180 382.493150 -3296.215996
181 -1219.034344 -5607.944310
182 -5311.044606 -3302.074061
183 6166.691823 1388.715421
184 -4028.578795 -4957.499539
185 -3200.302735 19.080258
186 3019.244307 4754.869492
187 -5998.443855 -8978.303048
188 8451.954033 4674.203751
189 4598.807567 -4819.024725
190 5849.554117 1880.005541
191 -725.853048 7555.747159
192 778.364463 5000.695458
193 2400.376145 3143.657719
194 -618.343802 -1424.156593
195 3831.726419 2628.247169
196 -5459.827931 651.180793
197 -14671.342477 817.436129
198 2360.080407 2772.253564
199 -1884.384086 -14492.359014
200 -9027.981703 -5821.830159
201 -5118.462042 2872.537961
202 3149.533477 -6521.686175
203 -2035.485228 -8878.721774
204 237.462727 491.680705
205 106.415808 1004.008614
206 -1751.619197 -1941.655127
207 -629.966641 1147.166000
208 2604.418146 -1194.534479
209 -1044.566586 -1616.873933
210 -2406.876914 1193.135270
211 6097.219881 1887.731046
212 -5234.752584 -3610.643012
213 -3125.583907 2584.886241
214 6842.815324 2727.510437
215 -577.472140 -8741.631983
216 8055.364432 5170.071750
217 -721.154057 2064.412808
218 -884.536547 3331.961015
219 1356.124796 6212.822015
220 -5162.659063 -4350.647256
221 7384.545290 3497.264942
222 -3221.848790 -4725.908650
223 737.176460 2110.156416
224 -4609.367717 3452.123939
225 7463.337209 -3162.126775
226 99.690195 -479.726385
227 -2643.499483 -1514.578292
228 -738.825485 9098.141044
229 -1130.605019 -6486.597132
230 2510.859838 2263.550727
231 -205.227568 -4776.955501
232 -1889.622551 4316.571852
233 -3503.458073 -1868.141154
234 7177.354761 2736.316348
235 -5801.069520 -8008.381806
236 11157.027984 6857.554520
237 -1825.239424 -2625.377768
238 -368.797430 3524.772730
239 -3092.552849 6572.308918
240 -133.587632 -3114.385262
241 -8553.252330 -1028.057178
242 -139.523533 -1688.913009
243 7670.245904 -3665.300091
244 5749.702784 -7246.311983
245 2683.375460 5928.494642
246 860.304435 7045.234077
247 -4313.029425 3984.297451
248 515.067035 2241.049103
249 -129.064631 -2253.111042
250 -1715.550775 -2770.039472
251 11839.273429 1718.257005
252 4286.284509 -2496.434700
253 -5746.573582 4157.507131
254 10499.390620 13174.155001
255 -6741.169408 -6234.007144
256 2553.314403 4801.436650
257 -955.347486 3193.159296
258 -6061.059990 -5968.567672
259 -892.198260 5446.567579
260 -3621.378645 -7168.168557
261 864.856398 -1739.502057
262 -563.282609 -3078.183505
263 -524.731500 -1337.935778
264 3878.041990 843.446470
265 5643.534698 -1371.636520
266 5373.781023 1628.916723
267 2786.335186 5216.119087
268 1705.467102 5693.250834
269 989.600369 4298.600979
270 7388.857403 1841.868841
271 11974.618842 1456.261415
272 -6155.789897 2422.067633
273 232.241176 12750.701382
274 4254.687944 3213.369270
275 -4074.073716 -6999.470898
276 -3960.887817 6055.423938
277 -7467.422240 -1319.117740
278 -5514.369902 -3667.505231
279 2535.322915 -5966.470788
280 2315.630348 -7250.394862
281 -2047.189173 -1984.023217
282 1159.145234 4645.736787
283 -287.783919 -1354.393122
284 -3761.245795 -101.433450
285 4212.187217 749.233539
286 8777.662656 -1993.862513
287 1511.345807 -2145.907999
288 5452.162456 9858.376228
289 2754.408821 3508.733414
290 2732.416378 3972.253862
291 -566.515567 3847.017926
292 4598.678514 3482.213562
293 951.561682 -48.541784
294 3177.845628 2520.342099
295 2422.217722 2906.196656
296 5175.004219 1824.162491
297 -2226.886361 2633.327898
298 -3125.990184 4330.987262
299 -4473.791527 2051.051674
300 -1888.397045 -3640.263608
301 -2443.198218 -3625.493390
302 -422.814859 -3518.725027
303 -2262.503905 -1866.483673
304 1093.161363 -1543.145822
305 -5845.920631 -1224.242552
306 -3241.342703 -798.700068
307 -3260.140734 -976.190021
308 -11359.334002 -7246.571415
309 1656.369533 7.620004
310 -2228.700404 -9827.989796
311 -6660.743956 -5358.337644
312 -1632.946418 2517.502516
313 4901.591853 -6451.976056
314 -3578.658069 -4451.520215
315 -43.688853 2036.067733
316 5066.188978 2824.970303
317 -12336.207725 -6204.649895
318 -4831.865601 7399.256022
319 -4119.578015 -5567.962990
320 1451.666573 -9763.999640
321 2675.823083 -3913.777003
322 4099.892592 -1504.980667
323 -1401.501361 2010.578178
324 4671.579604 4731.954379
325 -3642.060895 -142.726988
326 17289.848375 2935.313984
327 -6383.312146 -957.658813
328 -4019.522766 6111.923796
329 1958.013927 11770.853048
330 -9946.887043 -14294.770608
331 -2630.088413 6475.328683
332 -2318.103717 -8635.845189
333 7037.326183 -4107.333696
334 -7167.301279 -5130.212751
335 -3807.758402 5256.679982
336 -2168.534956 -77.500100
337 -4283.645862 -7337.989464
338 -3913.354907 -1973.270468
339 1176.378380 -2911.919498
340 89.692699 -5375.802891
341 1770.306862 -539.896914
342 -4497.925717 387.874651
343 -736.974260 1485.892367
344 12217.417371 -992.577918
345 595.900469 -4971.322477
346 -6818.442946 6670.729474
347 -3810.263130 10050.208930
348 -7561.372296 -7326.412809
349 7558.136709 -2665.713267
350 1432.886836 -8684.799628
351 1738.300832 1114.405295
352 659.594740 5785.104812
353 -972.559275 760.892705
354 -7838.506873 1051.148901
355 9062.149609 1420.484578
356 1189.958892 -6835.823922
357 812.870143 432.368961
358 391.614909 8069.819882
359 4243.287949 -1446.717658
360 -2742.976106 1540.464375
361 -23.145854 1866.452841
362 -9149.741774 1972.887886
363 196.263244 -2869.941983
364 7918.062542 -2442.047095
365 1752.080199 -9278.013880
366 -4341.973828 8608.200831
367 -7323.514009 3316.956652
368 -2740.199636 626.620796
369 -8124.620394 -8945.150004
370 -44.470922 -2787.775290
371 5537.293537 -6770.047810
372 7362.004253 -4545.516687
373 -4766.405213 2834.017481
374 -2006.533120 8138.387668
375 7006.824481 1751.267855
376 667.114239 -6503.745271
377 -939.679584 4418.314534
378 -6484.890218 4416.647308
379 688.431624 -597.064178
380 3314.513602 -3510.329204
381 1506.302907 -4997.571138
382 1619.313344 4504.966693
383 -2538.858935 990.201354
384 2071.613370 2926.330428
385 3343.343528 -1459.596560
386 3223.514049 -604.127361
387 275.027620 3428.445093
388 -8573.714254 2938.989496
389 7037.298930 3255.972945
390 2951.062591 -5675.122486
391 -3414.275754 -2869.609118
392 5426.114815 10056.476219
393 -8909.577169 -4672.195804
394 -6694.876139 3433.810918
395 1904.465900 -900.727675
396 -1672.197502 -11080.113312
397 1549.051705 -706.608528
398 1171.975394 408.938303
399 -1003.714023 -979.382291
400 -4470.829214 2509.183531
401 -3502.638400 -250.770717
402 -2504.222175 -2495.425018
403 3804.580170 -4779.835993
404 1087.285179 -2861.628645
405 2031.406742 97.192168
406 213.449088 4173.484504
407 -264.897044 -220.989718
408 -5124.762379 3035.380515
409 -5024.644269 -1894.763033
410 10213.466962 75.407536
411 -5434.366902 -9722.265357
412 3283.832614 5795.815235
413 5956.825461 3334.332274
414 -5362.722406 -5076.051576
415 -3468.453912 9089.598847
416 -6732.679090 -1605.448177
417 9731.143261 -4046.257683
418 1978.521739 -6279.248758
419 -7193.602719 419.446805
420 -3216.717431 10620.472619
421 2047.772814 -6293.484351
422 5146.191905 -4353.904436
423 -6358.447598 -2203.393900
424 -1471.151358 6446.821868
425 937.575862 -1326.190892
426 -1223.911164 -5679.915975
427 1684.111807 1464.574681
428 -1538.371794 -1098.264357
429 10546.379808 894.377185
430 6249.794339 -594.413618
431 1821.981087 3425.901043
432 -1026.018075 11684.841684
433 -1508.806489 1755.803240
434 -4954.502038 1883.234821
435 -3880.174240 -2963.750323
436 3009.882178 -1185.559027
437 -219.469582 -7554.469091
438 4836.837998 1962.875307
439 -763.451582 218.398787
440 -1630.919529 2871.620249
441 5224.377727 2904.083548
442 3308.728640 -2795.072278
443 3436.179453 2011.078871
444 -1248.938423 5281.260380
445 3413.109533 2735.980115
446 3551.759916 1982.538518
447 -6353.716071 -1185.496663
448 -3034.689753 6573.456110
449 682.842624 -2645.255238
450 -4585.373825 -5964.517630
451 5920.686403 210.550905
452 -4956.635663 -2614.034654
453 158.784210 -73.886569
454 -3834.717233 3627.345096
455 -7603.699470 -7059.870822
456 4283.214305 3738.726617
457 -142.049796 -11517.470786
458 3075.456256 1803.491144
459 5750.442939 661.063932
460 7136.898543 2464.001496
461 2020.930676 2726.244775
462 1984.422149 9104.474660
463 5290.682528 2690.540668
464 3499.724718 3372.094057
465 -4807.497535 1060.842867
466 1568.245162 8805.434406
467 -12588.515525 -5011.298696
468 2451.030458 1871.661982
469 -558.904320 -7654.353004
470 78.557456 -6166.169698
471 4137.966011 3425.548098
472 3782.860760 -2045.255660
473 2790.587848 2629.967993
474 -2444.935654 4525.221589
475 478.645400 3012.401022
476 1706.165930 1126.396052
477 -1321.793666 -3512.537354
478 -1230.820672 4042.821589
479 -1476.844357 -2275.341401
480 5840.161637 1283.176873
481 -6690.003672 -5051.921778
482 5475.253621 6126.402325
483 -4143.351212 -2698.766364
484 -3445.311278 -665.848018
485 6175.055047 2855.693053
486 -1734.399417 -6808.073583
487 -423.434726 2261.437305
488 6516.052501 4672.828487
489 -1623.450568 -5408.682171
490 -1885.370818 6963.461237
491 -8622.840556 287.765572
492 4464.522535 699.355922
493 -2816.886467 -8726.297526
494 2560.691940 -155.700298
495 -5432.047199 264.474581
496 7959.456884 815.636501
497 -1316.202496 -2689.146731
498 4966.334640 1228.767841
499 1384.400075 4961.921763
500 8450.823938 -246.785194
501 6394.941146 4961.667965
502 -3371.843277 2666.369823
503 2595.169516 10643.946332
504 6332.276352 252.405436
505 -1243.999209 -2608.839718
506 4369.996582 7751.719442
507 -15284.076772 89.023996
508 -1870.756629 4005.045822
509 -2493.490494 -5999.208090
510 1408.203844 -11634.460421
511 -8907.635935 707.988399
512 3651.472163 -1725.191945
513 5747.114200 -1995.198622
514 -887.501987 -7123.397095
515 916.060732 10027.575254
516 1043.594840 -496.421840
517 -766.775799 1211.947782
518 2159.442603 114.947834
519 -4091.299217 1113.652920
520 -11572.480924 -766.573931
521 3783.287189 2276.062058
522 3008.700276 -11386.219249
523 -4925.518353 -4265.169078
524 1917.853655 6475.592130
525 -5322.943762 -2632.219409
526 -5257.000302 -1923.185012
527 5802.660186 603.791290
528 -651.097338 -8825.122247
529 3174.185821 1951.910628
530 6010.720601 3643.289970
531 -6780.795710 -1269.981150
532 -4027.329670 7623.858874
533 -247.543805 -1078.894901
534 5237.763534 -6808.498189
535 -5638.381123 -2218.613326
536 -4739.804795 3455.256448
537 730.014482 1102.790189
538 4924.516120 -7947.853701
539 1190.103107 -987.989583
540 -3952.890159 2500.688863
541 -1587.076295 4916.893789
542 -295.041269 -2891.752337
543 3707.320881 -2687.250884
544 -346.436490 -1201.958597
545 -4716.477911 1750.985528
546 3205.102737 3288.594805
547 314.080130 -4448.577479
548 -779.926306 -648.600058
549 -1640.098596 3001.760442
550 2652.800909 -1092.883659
551 4030.342881 -904.863712
552 -6847.332142 -708.892611
553 5508.820261 5545.551982
554 2712.785096 -2028.047751
555 -8467.738392 -3758.635490
556 5254.805662 9953.888258
557 -656.812707 -7879.870136
558 2071.924617 253.880444
559 -15083.873320 1845.993083
560 2489.230144 2505.566393
561 -4765.597780 -7602.776747
562 885.741955 -8907.835514
563 -607.476795 3264.970299
564 750.339948 -6506.771280
565 10954.096575 4722.939332
566 1124.979040 -4720.883011
567 160.328494 9283.691823
568 6045.803118 6093.134080
569 -4140.181392 -861.416748
570 3494.457243 3653.706140
571 7580.255748 2586.830631
572 -3459.947610 -4720.392192
573 3933.367739 10579.008753
574 -3301.491479 -707.608435
575 -5100.077948 744.476943
576 -6379.927924 1379.150906
577 199.507727 -5350.592888
578 6480.660802 -5402.984455
579 -8071.383467 -5059.081037
580 -8656.075066 6047.881508
581 -2492.136193 -119.760129
582 9582.747900 -10876.172311
583 6945.846841 -5632.791771
584 866.870737 3138.894065
585 533.697654 11239.504480
586 4927.668582 2148.999813
587 8781.734543 1098.991231
588 617.576048 1191.235904
589 -129.547697 8811.356373
590 7401.022402 4960.482548
591 4126.218027 -1497.787508
592 6467.489401 4008.839357
593 6059.426165 6822.723880
594 5632.676425 3961.989029
595 -5215.941163 7442.621021
596 100.921830 5617.277030
597 -3008.928136 1531.095790
598 -2773.102641 -6167.464645
599 870.020073 3118.017610
600 -12604.252076 -8294.479241
601 11161.293092 5154.313867
602 -8929.459903 -11332.474518
603 -808.534274 1034.061727
604 3915.982869 4230.667017
605 2877.182467 -10481.450045
606 4799.409913 5872.714440
607 910.543215 991.498845
608 -1134.138024 5690.626026
609 -2040.601494 2082.998236
610 -7.683104 464.546578
611 2478.814078 -2602.607437
612 2154.114675 -548.163367
613 -11114.204720 448.329741
614 -3324.488410 4368.882382
615 6237.071755 -4733.713005
616 -181.191388 -10771.270100
617 5226.443769 4612.300886
618 -6104.405231 2281.962767
619 -5724.699734 2509.862911
620 -2427.802835 1552.081717
621 -3660.534156 -9321.948918
622 -3234.608543 -1791.150883
623 714.176590 -4439.844466
624 5591.960023 -2206.139392
625 -6191.334698 -3675.045757
626 -3440.516714 6319.124821
627 -4267.542511 -1246.421044
628 7020.876607 -5379.574419
629 5358.041701 -4200.578059
630 -7034.719922 412.371856
631 -4349.719007 9313.997182
632 2974.682761 -1548.443476
633 -3643.050349 -8131.825140
634 -4030.542585 1033.812375
635 -4046.346650 136.505886
636 -1359.730517 -4763.061288
637 1923.296068 -3816.995907
638 -369.597971 -3257.553533
639 -1401.363653 649.792251
640 3715.361677 1625.808507
641 8266.673664 -2123.401691
642 -2640.541009 1206.979843
643 -7954.455325 6134.655841
644 5719.877874 6113.498153
645 -11789.454379 -10687.610389
646 1622.581389 2444.883662
647 -970.636568 -3347.745181
648 6052.004620 -7864.343336
649 3038.848135 3511.412631
650 -2505.027873 -570.965525
651 1910.264673 8706.099039
652 -2864.932998 -3052.908079
653 7065.558944 1358.656292
654 9171.276123 -1148.290967
655 -2568.447124 332.168148
656 3357.235612 11698.690734
657 -7930.984060 1606.509507
658 -2400.516261 354.650149
659 -2081.279251 -844.942790
660 -4931.966774 -8388.863333
661 -541.333834 945.825354
662 -2597.076709 -5682.808412
663 -3760.435429 -1979.292425
664 -2132.840784 -1058.434538
665 -10221.212209 -4120.115890
666 114.081550 -1695.387241
667 -92.801619 -6929.870283
668 3804.964037 -6399.175923
669 -7155.847386 1635.098110
670 6826.319144 1450.928862
671 4245.103386 -370.241954
672 -2413.713660 -4557.341452
673 1601.872800 11921.171587
674 -2741.540759 -4126.100640
675 5455.347558 2958.429467
676 -4708.199006 -3431.165193
677 -4581.589864 3090.853499
678 6798.818832 1223.353455
679 -999.511977 -7179.086856
680 -990.154326 1699.312891
681 6601.221906 5381.843938
682 8511.373837 -4349.007971
683 -2108.191639 4153.470018
684 -2805.668810 7845.969093
685 -4339.177496 5011.237461
686 -2039.949844 -5566.745540
687 -1087.072668 -980.044835
688 -4607.133062 -6368.029582
689 1075.722090 2018.321984
690 -76.575390 -6026.034621
691 -1031.899783 271.169858
692 -2369.835131 -908.237475
693 6180.080758 1579.906086
694 8341.962371 -4615.083450
695 8147.529201 3589.030540
696 -591.417886 5991.709473
697 -1872.428637 11163.894717
698 -10506.360898 1567.831600
699 8306.256078 982.105032
700 2413.182502 -9102.669343
701 -11166.457544 -1757.228713
702 -4056.691392 9685.017404
703 -8573.811108 -6597.027670
704 -5121.722792 -9143.056298
705 4920.250920 -3230.176308
706 -6244.777604 -11654.360193
707 6776.273734 4455.040848
708 285.687357 -2863.961888
709 -10194.344450 -111.271196
710 -5168.912466 6210.154049
711 10581.196782 -5754.507452
712 1870.894557 -11070.729980
713 -1568.137110 4939.761703
714 -2773.904497 7749.398326
715 -988.225879 -1048.206769
716 -4210.277682 -2326.302722
717 -8006.363308 -1835.382119
718 389.880791 -1880.004330
719 720.556484 -6859.292341
720 1470.906376 -5258.009150
721 529.558612 3260.608844
722 -6529.162111 -1542.758171
723 -1767.045054 4529.778143
724 -7687.451275 -6261.563429
725 -6497.227372 -1899.681407
726 -8025.627411 -6451.632928
727 13206.696675 -5058.071155
728 1575.114532 -11166.804376
729 396.754579 4557.148790
730 -1770.293477 9496.007437
731 -4545.489006 -761.100770
732 -5163.406161 -345.479371
733 3056.764066 -2237.112770
734 -5046.797821 -7686.826255
735 13651.544298 1956.257269
736 -2699.766498 -3658.803882
737 629.117634 5235.117702
738 -12421.237103 7928.923831
739 -1192.166207 -3678.685663
740 9184.943312 -3182.008772
741 1765.479442 -12434.236684
742 -7154.863250 8456.442843
743 2096.563867 5668.625196
744 -3314.836572 -3489.639871
745 855.649415 -4035.928337
746 -2705.728828 2057.004123
747 -4333.279920 -4214.479929
748 -4433.206210 2509.143282
749 -1172.703060 -6599.846873
750 -984.812225 -2111.532174
751 -8038.665939 -5617.471758
752 1793.081857 2643.087825
753 1017.741038 -7525.628761
754 4852.680726 -2517.326127
755 3589.996819 1800.325027
756 -932.413780 2453.179173
757 2810.890339 5558.250378
758 -4717.506905 401.112435
759 3623.387895 980.201623
760 9371.624373 201.050190
761 -7816.285624 -4329.315435
762 -2769.011128 11087.957390
763 9187.394992 47.922948
764 354.958686 -8346.412663
765 -4351.133057 4548.344643
766 10017.034219 7621.492437
767 -216.937150 -5987.917140
768 -6680.986774 3993.506662
769 -5079.465513 7506.483758
770 -4798.208720 -5791.609180
771 -5592.882390 -5660.287232
772 1929.103259 -4791.718227
773 119.492354 -5589.360815
774 2703.205820 -2500.432247
775 -1032.458329 2895.742101
776 -6729.476600 -729.006057
777 5927.469656 4305.537415
778 3774.491864 -7732.501255
779 6005.621939 889.493881
780 4068.642650 5079.547666
781 1398.794093 5194.879608
782 -8355.294331 4568.451058
783 6763.163350 4635.223663
784 9606.949050 -5634.271034
785 -879.948737 -2166.352823
786 -8194.499010 10743.417341
787 4218.552269 5820.960650
788 -4790.909820 -7977.737985
789 6722.931727 -681.602647
790 -2421.237063 -6.859595
791 714.079677 -507.847995
792 -4009.564471 5172.005452
793 3365.176093 -4025.828858
794 1887.267950 1154.411425
795 1598.546328 -4158.274837
796 5131.166405 7312.919901
797 -7703.958488 -2909.486084
798 -1204.917167 7956.680753
799 -683.381206 -3801.609763
800 -862.090391 -4502.705796
801 -596.174805 -954.219586
802 9527.566431 283.062584
803 -1577.971445 -2890.173411
804 -510.089690 5980.537576
805 6688.128923 5433.731441
806 4481.889977 -3960.994492
807 -597.990985 4238.966342
808 5035.725320 6555.286913
809 3549.601237 1306.138143
810 -2808.426630 1120.462897
811 1340.883721 6554.018509
812 6794.915158 -917.087736
813 -2798.849976 -1542.740078
814 -3027.293535 4777.672321
815 4496.527505 4080.750787
816 -179.403378 -6868.990131
817 4008.976880 3628.542950
818 -6901.685720 480.236650
819 -2211.826800 3657.189390
820 -831.646132 -2046.181545
821 9909.994134 -5283.201396
822 2011.702888 -2227.587266
823 6735.961062 5433.871159
824 -8409.256118 6663.168315
825 2490.048853 3842.404363
826 9179.862793 1074.562426
827 6172.825842 -8170.173203
828 -3234.722329 10402.071137
829 -5330.474189 6091.435922
830 2383.019918 4070.498861
831 -557.913570 -8374.251869
832 -4577.097803 724.438674
833 -4358.012430 561.760492
834 -931.339047 -1682.498543
835 3458.847632 -6356.523710
836 1914.829113 -1526.173456
837 -3817.218383 -56.116185
838 3999.179155 5536.988617
839 2938.932047 -3534.861065
840 9587.697291 773.644147
841 9425.572609 3485.854768
842 -6556.010329 5437.796861
843 -1657.019474 11884.009195
844 7088.480823 1795.677514
845 -442.146966 -8326.678618
846 656.599277 6104.833224
847 1938.044435 2615.993492
848 4641.536178 1.881905
849 -221.211357 500.798467
850 -389.060191 4572.998359
851 -7198.020298 1693.980819
852 -1927.776781 326.192439
853 -4305.254574 -4257.842946
854 -5623.977166 -5494.771687
855 1775.571915 -1514.853799
856 6876.601994 -6386.386465
857 -3351.872014 -2628.421092
858 -7775.878107 6064.681196
859 -8687.063838 2582.849833
860 6960.288910 -6596.962188
861 1788.877630 -9310.461612
862 160.899807 -1919.552126
863 792.544862 8500.868811
864 -2645.684893 -2981.127427
865 1742.713226 3977.463075
866 -5044.211019 -4321.902283
867 2023.269490 2603.319343
868 -7670.145769 -4190.910377
869 10319.517376 443.796394
870 8284.764203 -4092.426889
871 -3345.020503 -576.119354
872 -2373.421348 13592.440784
873 2195.301606 1264.952085
874 -9938.819715 -4858.648500
875 -1205.022177 2121.375524
876 -2416.217355 -4333.006356
877 -2531.298385 -7535.178534
878 37.369489 551.171511
879 3486.175948 -3978.351312
880 -4347.396456 -1128.180639
881 8445.459920 2523.148491
882 8577.234454 -360.331938
883 1261.945248 -747.948038
884 -938.953732 12870.716556
885 -6832.362175 2637.268542
886 -1382.793759 1671.932164
887 1560.680869 -5247.498952
888 -1304.332949 -4741.145551
889 2867.920823 1055.743185
890 5280.757787 167.632589
891 -2027.055408 -406.374371
892 -201.441116 5649.556459
893 -64.467388 1827.310780
894 -4816.652043 -2923.310495
895 2566.999605 2175.747449
896 -8422.940453 -4653.841318
897 -241.706976 192.723730
898 3669.105110 -2418.831760
899 -2095.530148 -7161.257760
900 3071.337764 4414.969949
901 8657.689756 446.012779
902 -2329.137875 -1750.747757
903 13692.133923 9066.509754
904 2238.805606 1282.123935
905 1825.970059 4844.478834
906 2663.716954 11755.549409
907 1549.428003 -1901.496286
908 -5790.241707 4562.654568
909 -674.977301 1197.593943
910 3431.017026 -935.972896
911 -2395.016150 -6151.999820
912 -5846.392831 3863.269814
913 7472.301133 669.080259
914 -162.703051 -5733.787553
915 -1560.917943 481.470140
916 -5384.088003 6470.801810
917 4929.711016 -2995.099687
918 -9211.152347 -2818.333390
919 -2037.195640 -1587.154567
920 3810.385825 1869.628781
921 6481.633923 -12070.026215
922 5490.041831 6202.241608
923 2654.633550 1144.024871
924 1782.329684 10673.350380
925 -1200.225725 -245.173234
926 2512.650182 6488.016201
927 -1763.287750 -4251.424724
928 789.161380 4790.619589
929 -8133.464702 -3416.367110
930 3198.066365 3630.377456
931 -8033.211766 -7627.310074
932 4484.580442 -95.276138
933 7632.434200 -2968.514984
934 -5437.380921 -3917.381824
935 -3383.945436 9069.901909
936 -112.656331 1672.713249
937 -1512.330741 -7869.158869
938 1325.662540 1389.183660
939 -5026.269174 -3588.347816
940 -586.477300 2930.572520
941 -3999.703967 -4364.162875
942 7239.847114 -877.523217
943 -5754.425165 -4637.252384
944 -4327.168494 3198.980644
945 8811.618360 2178.422850
946 -3589.216684 -8306.612216
947 -6849.953405 2963.372002
948 6909.501635 6911.159818
949 -3021.812190 -11771.371869
950 13698.126247 4670.145606
951 387.095765 -811.586433
952 304.055864 6211.059825
953 -4961.697111 9101.146925
954 1631.963603 -1543.326339
955 2130.514299 -1681.522586
956 4455.340466 -3105.948155
957 1690.742359 3087.951645
958 2725.781354 3018.978254
959 -4487.377087 3257.074467
960 4893.798568 2647.298787
961 -4120.289111 -1335.912747
962 -4802.546921 -857.018046
963 1855.411149 3539.892228
964 -270.359885 -8315.013418
965 5482.978351 547.146426
966 10207.161819 266.864146
967 3481.036999 1716.746137
968 3789.549949 9216.681447
969 1795.147044 7336.318292
970 -661.142407 2417.809597
971 3667.554071 4050.106260
972 -1007.061684 -649.349407
973 -656.210916 1663.676869
974 -2810.759159 2599.792336
975 -7816.042152 -2890.862913
976 12336.626754 1246.579195
977 640.302116 -9243.694435
978 -1814.639382 3216.691391
979 -1065.998433 9820.132282
980 -1132.886790 -3928.310070
981 2473.233895 287.085867
982 -4332.192440 -2533.680837
983 -1898.725696 1583.489490
984 6397.919818 43.834371
985 -2721.904086 -6189.894837
986 4110.441314 5035.336145
987 -3480.855149 944.250543
988 6684.137250 586.025267
989 -2657.992469 915.307317
990 -6462.455181 -272.669819
991 -142.009041 6089.438398
992 -109.506629 -8706.631724
993 484.133278 -1692.052865
994 1675.833577 -431.485369
995 -6439.624017 180.173728
996 2467.184948 1786.780827
997 -4109.221753 -2507.304625
998 -3711.922660 -3690.542084
999 -3264.088053 2430.672834
1000 -1688.403147 -7337.410136
1001 -1243.374996 -918.857004
1002 3342.106128 -4762.437042
1003 -7562.006443 463.301507
1004 -9066.441428 -880.372321
1005 2340.546191 2404.442239
1006 -374.469257 -14767.487927
1007 4215.345223 1056.064329
1008 -3011.004445 -1989.937280
1009 9112.336878 5379.415733
1010 -140.155256 -2695.721410
1011 6866.830790 4963.495093
1012 3550.902674 4260.967380
1013 2413.070717 2746.100965
1014 -5492.784612 5957.702651
1015 1335.645858 3590.343049
1016 -2216.867189 -2482.460495
1017 1056.854618 -2454.636857
1018 -2876.059201 255.857890
1019 6184.245234 -977.388728
1020 3329.997530 -726.558312
1021 466.969326 366.655456
1022 -1084.111206 7228.047759
1023 3740.699064 481.155841
