0 26.232123 -663.718528
1 390.196401 6822.967403
2 4089.776715 -1953.488962
3 -2040.677539 -10202.657416
4 141.903245 -4289.481386
5 -2232.542507 -951.104186
6 2604.707596 3982.566455
7 5473.583574 -2656.620206
8 -273.246411 -3760.786574
9 -10452.138733 2103.485581
10 -6046.897714 -7850.387616
11 2862.106802 -10502.175320
12 4257.740117 -5543.435348
13 -1923.066405 -7125.165515
14 -1811.091445 4488.218507
15 2881.460368 -75.381432
16 -6397.079390 -5432.348404
17 -5712.070248 -4682.186549
18 -2569.209978 -1465.827944
19 -4125.173834 3079.790510
20 4698.520937 2266.267267
21 1078.438453 -1289.983759
22 -4515.630148 524.480683
23 -2601.262016 930.574001
24 -4376.153093 898.407423
25 4569.748603 -4891.248546
26 -2003.181071 -1026.735446
27 -3739.462968 -6334.262875
28 -1609.301994 -3653.628968
29 -2596.430628 -3972.495369
30 4600.031550 -2229.532439
31 -7392.672297 2791.874668
32 -1688.124887 3592.511551
33 -7990.065041 4867.711287
34 -7094.291620 -2019.350547
35 -2757.589788 1149.703239
36 -4446.163921 -1592.199281
37 6055.719684 -2136.224055
38 1867.855357 -4726.653040
39 2443.940862 13042.014953
40 -390.027111 -1653.523574
41 -2575.738040 -116.024420
42 -96.408252 -8281.217274
43 -3066.809537 -6261.270664
44 -4616.175005 -738.851180
45 12341.080277 -7765.795049
46 -1235.382580 -3173.553447
47 -3147.608108 -380.475377
48 -7940.729417 4779.093322
49 -2143.566677 248.763052
50 -2060.240869 -4319.069093
51 -6888.867588 -5015.361223
52 -5208.491814 4202.217977
53 1854.020309 -6561.856384
54 5846.657863 -122.924055
55 212.435752 -2374.065272
56 -3781.163596 5402.729967
57 -5182.592754 -3496.544104
58 303.321562 4013.057770
59 -5682.711343 80.103600
60 -833.258809 -7328.373870
61 6.880738 513.954550
62 2536.209553 4212.805851
63 -3238.062514 -1063.387209
64 1631.993403 -6967.147830
65 -664.308581 615.817142
66 -4201.207291 5606.167630
67 1309.201683 -4542.724061
68 1880.171939 1470.394409
69 266.868506 2919.984224
70 -6921.233105 -9335.229445
71 -963.065085 -737.764820
72 624.305947 -6257.059801
73 -6586.257242 11880.631662
74 4637.317074 -638.641770
75 851.291449 5404.848681
76 -6983.672371 2179.865523
77 224.697480 7557.731104
78 -6820.282981 -16076.702296
79 8684.521124 -980.406228
80 758.411562 6909.612372
81 5952.753020 -1789.350394
82 6492.960910 2499.200137
83 8016.108000 -2726.492039
84 -10246.210953 -7642.902859
85 82.000756 936.037794
86 6581.476659 6309.653038
87 -3067.773540 4678.591181
88 -479.995546 -5058.582983
89 -2460.427159 6332.618597
90 -7122.890003 21515.229865
91 -1766.372868 -2608.933715
92 5807.342233 8843.338194
93 2311.153725 -572.420518
94 -6304.910704 9743.032017
95 9452.637415 -10383.276218
96 19979.487809 5291.023992
97 -3609.601327 -7097.975560
98 6984.217480 -2933.410341
99 -83.839881 -2519.575843
100 7053.209980 577.770339
101 -9470.937697 -11845.778875
102 4881.121911 -794.813082
103 -7256.645285 -6966.762867
104 -4713.401734 -4241.602112
105 -3244.693278 5764.734922
106 -71.639290 -2296.781936
107 -8252.845099 3430.010404
108 1378.034516 9295.302698
109 -4075.275357 -4650.425826
110 -2166.048281 4468.444704
111 7595.241583 9284.637898
112 -968.450545 1234.567343
113 2337.118544 6891.387042
114 6845.284987 -1752.079465
115 -537.315391 -4348.414098
116 2185.056467 -3579.403008
117 4527.377316 -1626.218496
118 1690.213540 2706.842687
119 5854.991983 494.829927
120 1461.790417 -2153.700788
121 -6450.318546 2663.208799
122 -3790.240670 -633.346471
123 -1609.178419 -7308.407514
124 3469.962076 7641.792766
125 -2168.773828 -3949.799894
126 -641.996585 4962.895817
127 2665.901166 -4278.122540
128 -2315.443769 -1383.943947
129 -9224.259979 -1027.709444
130 7245.492826 -979.719483
131 -1132.400649 -1715.636569
132 5869.076732 830.447066
133 -3878.234220 6088.373063
134 -3353.834905 -13408.181813
135 1535.417844 -7733.595449
136 -3424.453157 -1872.105619
137 1563.639604 -4461.299712
138 1467.502718 2710.296860
139 2876.902943 -15140.750315
140 -8558.182156 -3139.887653
141 -4868.143940 4958.783701
142 1090.202571 2154.380036
143 -4372.773320 -1026.222472
144 300.260454 759.019313
145 -13808.802024 2138.780586
146 -4396.015857 -1039.229870
147 4992.012045 -10506.738746
148 1546.310143 11633.031371
149 -3582.510281 4239.482857
150 -2793.991918 5006.080499
151 -66.696963 -7515.926210
152 519.859596 -2903.457310
153 -5295.073765 -2548.670843
154 10664.567416 2804.753682
155 -304.557282 -1539.546031
156 6742.926178 492.844850
157 -6864.521595 -438.930408
158 288.779027 5479.936998
159 -1262.522725 -2831.258550
160 4571.283355 9917.288988
161 -2253.728201 -3401.668019
162 268.419754 -11789.251499
163 -2205.570812 3151.502491
164 2768.281500 3738.588212
165 -2422.960032 2131.728106
166 8068.479590 7376.566898
167 -547.445235 -15064.339087
168 -8763.287565 14850.105864
169 4138.085323 3504.014491
170 890.684857 -6876.862796
171 4683.048468 216.747391
172 5571.491990 -393.833813
173 -11962.554820 262.978414
174 13605.191678 -498.961304
175 4222.172116 -3798.016657
176 -1011.291776 -6050.968108
177 -2955.977062 606.616746
178 -803.067508 -2809.296983
179 478.026179 -2237.040001
180 -3296.215996 5790.833975
181 -5607.944310 -9687.693966
182 -3302.074061 7725.467942
183 1388.715421 -6322.885234
184 -4957.499539 1864.937935
185 19.080258 5980.928296
186 4754.869492 2851.301514
187 -8978.303048 1759.824204
188 4674.203751 -1399.204030
189 -4819.024725 3338.516603
190 1880.005541 635.309269
191 7555.747159 4888.823500
192 5000.695458 3181.267671
193 3143.657719 -15381.978880
194 -1424.156593 -7467.986162
195 2628.247169 6706.063225
196 651.180793 -10653.749531
197 817.436129 -6135.680608
198 2772.253564 -106.186555
199 -14492.359014 3067.558150
200 -5821.830159 -4875.751466
201 2872.537961 1280.982738
202 -6521.686175 -3567.151387
203 -8878.721774 -5359.052072
204 491.680705 2864.488899
205 1004.008614 2095.997920
206 -1941.655127 -3838.025145
207 1147.166000 4601.257032
208 -1194.534479 -3090.710119
209 -1616.873933 -7170.404493
210 1193.135270 7761.953923
211 1887.731046 2301.308718
212 -3610.643012 4500.992428
213 2584.886241 6416.885473
214 2727.510437 -4099.195092
215 -8741.631983 3984.694346
216 5170.071750 -4047.132334
217 2064.412808 5435.586889
218 3331.961015 1991.283608
219 6212.822015 -5342.526800
220 -4350.647256 -154.658967
221 3497.264942 556.342349
222 -4725.908650 11797.260766
223 2110.156416 -8336.336435
224 3452.123939 1882.860252
225 -3162.126775 -5567.592572
226 -479.726385 2962.645907
227 -1514.578292 -6647.022535
228 9098.141044 3344.804268
229 -6486.597132 -8861.043515
230 2263.550727 6597.346335
231 -4776.955501 -5329.254902
232 4316.571852 5183.638396
233 -1868.141154 3101.532614
234 2736.316348 -1699.693656
235 -8008.381806 2830.861496
236 6857.554520 -7747.529814
237 -2625.377768 815.332331
238 3524.772730 -2213.448144
239 6572.308918 7513.647848
240 -3114.385262 5788.232907
241 -1028.057178 1782.584604
242 -1688.913009 -612.368817
243 -3665.300091 -2484.923167
244 -7246.311983 -2512.660353
245 5928.494642 -337.125568
246 7045.234077 -693.305516
247 3984.297451 2348.025500
248 2241.049103 10426.768603
249 -2253.111042 -7120.013242
250 -2770.039472 4962.161501
251 1718.257005 2833.063572
252 -2496.434700 -5827.069517
253 4157.507131 5360.356675
254 13174.155001 -10107.825426
255 -6234.007144 -865.396628
256 4801.436650 109.039692
257 3193.159296 1182.392001
258 -5968.567672 1671.410868
259 5446.567579 -285.147919
260 -7168.168557 -4189.346710
261 -1739.502057 6893.709525
262 -3078.183505 9990.871950
263 -1337.935778 5260.401820
264 843.446470 1775.472283
265 -1371.636520 4475.028208
266 1628.916723 2952.673485
267 5216.119087 11353.097029
268 5693.250834 3504.835932
269 4298.600979 -3478.376870
270 1841.868841 7829.436367
271 1456.261415 -4131.925058
272 2422.067633 -5790.903611
273 12750.701382 -6164.063023
274 3213.369270 -4786.329343
275 -6999.470898 -2450.942530
276 6055.423938 3604.819176
277 -1319.117740 -633.661357
278 -3667.505231 2663.512086
279 -5966.470788 3409.946898
280 -7250.394862 1615.457129
281 -1984.023217 -5142.266813
282 4645.736787 9346.833376
283 -1354.393122 1213.932953
284 -101.433450 3636.286785
285 749.233539 1127.079353
286 -1993.862513 -4480.351661
287 -2145.907999 -2432.843114
288 9858.376228 984.310161
289 3508.733414 1489.870465
290 3972.253862 -1874.507773
291 3847.017926 5509.718763
292 3482.213562 560.680010
293 -48.541784 1506.163430
294 2520.342099 -8000.357423
295 2906.196656 -4956.992727
296 1824.162491 -3585.467927
297 2633.327898 -2105.585841
298 4330.987262 -3903.665508
299 2051.051674 677.227994
300 -3640.263608 -1709.193811
301 -3625.493390 -1191.564283
302 -3518.725027 -9413.825554
303 -1866.483673 -2263.356306
304 -1543.145822 -7549.284568
305 -1224.242552 -2887.503826
306 -798.700068 2355.955351
307 -976.190021 -8471.089711
308 -7246.571415 -2949.631085
309 7.620004 2040.051113
310 -9827.989796 588.821254
311 -5358.337644 -12157.713303
312 2517.502516 7203.664981
313 -6451.976056 -6820.412479
314 -4451.520215 -6837.501052
315 2036.067733 -1760.204114
316 2824.970303 -6999.632342
317 -6204.649895 1365.405451
318 7399.256022 5734.582575
319 -5567.962990 -3793.475101
320 -9763.999640 2505.174975
321 -3913.777003 -653.711823
322 -1504.980667 4553.699375
323 2010.578178 10754.115982
324 4731.954379 -16022.737132
325 -142.726988 3961.966380
326 2935.313984 -8501.801066
327 -957.658813 -2806.883688
328 6111.923796 -3579.235921
329 11770.853048 6368.922115
330 -14294.770608 -4642.108573
331 6475.328683 -8380.277650
332 -8635.845189 -1851.916604
333 -4107.333696 -5578.016807
334 -5130.212751 -6492.192203
335 5256.679982 -3259.804517
336 -77.500100 -2311.983858
337 -7337.989464 716.169242
338 -1973.270468 -630.333690
339 -2911.919498 -32.603370
340 -5375.802891 11377.593208
341 -539.896914 10076.630769
342 387.874651 -9163.879639
343 1485.892367 -1691.375305
344 -992.577918 -10113.538763
345 -4971.322477 2087.126481
346 6670.729474 6251.612179
347 10050.208930 3974.273872
348 -7326.412809 4710.104484
349 -2665.713267 4512.122216
350 -8684.799628 -3862.782633
351 1114.405295 -1712.480690
352 5785.104812 5193.538656
353 760.892705 -1208.275731
354 1051.148901 1633.152183
355 1420.484578 1521.093913
356 -6835.823922 -2358.153237
357 432.368961 -1082.636982
358 8069.819882 -384.012478
359 -1446.717658 -8648.833291
360 1540.464375 10060.585357
361 1866.452841 1839.918320
362 1972.887886 2951.128033
363 -2869.941983 -12201.912820
364 -2442.047095 -2189.577571
365 -9278.013880 -9960.516301
366 8608.200831 -4216.583075
367 3316.956652 316.197915
368 626.620796 3995.670124
369 -8945.150004 3572.914995
370 -2787.775290 -6267.552530
371 -6770.047810 8814.532313
372 -4545.516687 5032.012401
373 2834.017481 -2095.772200
374 8138.387668 316.102307
375 1751.267855 -10771.661864
376 -6503.745271 6266.004884
377 4418.314534 3779.264697
378 4416.647308 1021.029273
379 -597.064178 -3404.539516
380 -3510.329204 -1139.409030
381 -4997.571138 6043.733087
382 4504.966693 931.398993
383 990.201354 278.429117
384 2926.330428 -3673.241503
385 -1459.596560 -219.055626
386 -604.127361 9925.508528
387 3428.445093 -7947.961922
388 2938.989496 5280.135069
389 3255.972945 -4212.071457
390 -5675.122486 -10493.839196
391 -2869.609118 -2185.124141
392 10056.476219 96.358382
393 -4672.195804 1366.933723
394 3433.810918 212.865663
395 -900.727675 -2915.228662
396 -11080.113312 3058.432048
397 -706.608528 -7235.550406
398 408.938303 -2634.683244
399 -979.382291 1561.935776
400 2509.183531 10442.148162
401 -250.770717 -1456.080482
402 -2495.425018 -608.729014
403 -4779.835993 -3466.853249
404 -2861.628645 3537.466139
405 97.192168 -11516.624946
406 4173.484504 8733.715413
407 -220.989718 247.384984
408 3035.380515 -6663.987314
409 -1894.763033 11118.945077
410 75.407536 -1548.947057
411 -9722.265357 -6369.922547
412 5795.815235 -5336.503959
413 3334.332274 2657.782388
414 -5076.051576 9783.724162
415 9089.598847 -6121.588605
416 -1605.448177 -1049.732975
417 -4046.257683 -738.916344
418 -6279.248758 7029.529705
419 419.446805 -4969.445257
420 10620.472619 -8338.400124
421 -6293.484351 -2082.146632
422 -4353.904436 -2692.602033
423 -2203.393900 -2722.095300
424 6446.821868 -2180.346930
425 -1326.190892 3234.899575
426 -5679.915975 17364.994368
427 1464.574681 2832.319898
428 -1098.264357 5172.881992
429 894.377185 -790.200168
430 -594.413618 1957.218620
431 3425.901043 -5348.324705
432 11684.841684 6089.641094
433 1755.803240 1303.111731
434 1883.234821 7217.068899
435 -2963.750323 3326.271785
436 -1185.559027 -4343.276323
437 -7554.469091 -3501.914645
438 1962.875307 4626.773571
439 218.398787 3176.561352
440 2871.620249 3258.372876
441 2904.083548 -100.147304
442 -2795.072278 4740.484128
443 2011.078871 -1413.303247
444 5281.260380 -2275.446109
445 2735.980115 -1610.243934
446 1982.538518 -837.342532
447 -1185.496663 -521.447182
448 6573.456110 -1943.219531
449 -2645.255238 -7390.339462
450 -5964.517630 6722.245783
451 210.550905 -7944.270083
452 -2614.034654 4933.953081
453 -73.886569 3919.688107
454 3627.345096 2080.729173
455 -7059.870822 2864.283840
456 3738.726617 8620.675533
457 -11517.470786 -1458.614848
458 1803.491144 450.061578
459 661.063932 -790.135037
460 2464.001496 8449.533058
461 2726.244775 -7025.627063
462 9104.474660 1937.517863
463 2690.540668 -10124.667923
464 3372.094057 -8415.762798
465 1060.842867 3766.571063
466 8805.434406 -2139.022728
467 -5011.298696 21.486278
468 1871.661982 6764.937510
469 -7654.353004 529.429453
470 -6166.169698 2830.840193
471 3425.548098 -5713.854106
472 -2045.255660 4019.492037
473 2629.967993 -3465.764934
474 4525.221589 2791.697495
475 3012.401022 -4346.837463
476 1126.396052 9349.329966
477 -3512.537354 -2860.201089
478 4042.821589 -1431.173539
479 -2275.341401 3291.115177
480 1283.176873 -1834.594610
481 -5051.921778 1414.014386
482 6126.402325 4370.673373
483 -2698.766364 -3472.529988
484 -665.848018 8588.738670
485 2855.693053 -666.658631
486 -6808.073583 2885.015439
487 2261.437305 -6551.698859
488 4672.828487 -2701.921299
489 -5408.682171 200.955292
490 6963.461237 322.292848
491 287.765572 -3568.386988
492 699.355922 110.464369
493 -8726.297526 8516.463974
494 -155.700298 3102.713623
495 264.474581 6315.397955
496 815.636501 2897.166214
497 -2689.146731 7531.932588
498 1228.767841 -1583.011273
499 4961.921763 -731.050714
500 -246.785194 8488.423820
501 4961.667965 -6565.942672
502 2666.369823 5918.240858
503 10643.946332 -5016.671249
504 252.405436 -12043.652536
505 -2608.839718 1379.532330
506 7751.719442 -592.888561
507 89.023996 -4611.317804
508 4005.045822 -7567.201740
509 -5999.208090 6807.140163
510 -11634.460421 5040.887031
511 707.988399 2892.342664
512 -1725.191945 4027.730976
513 -1995.198622 -605.774377
514 -7123.397095 343.308366
515 10027.575254 1081.312118
516 -496.421840 -7371.445580
517 1211.947782 -4573.918706
518 114.947834 4841.646953
519 1113.652920 -2552.126008
520 -766.573931 1954.405169
521 2276.062058 3360.336775
522 -11386.219249 -11121.218132
523 -4265.169078 -906.579206
524 6475.592130 5013.232707
525 -2632.219409 1141.244713
526 -1923.185012 7739.332594
527 603.791290 -2495.401844
528 -8825.122247 -8678.990329
529 1951.910628 1924.117329
530 3643.289970 1837.466039
531 -1269.981150 1010.342314
532 7623.858874 -8092.922618
533 -1078.894901 4950.299857
534 -6808.498189 6194.754822
535 -2218.613326 6721.271258
536 3455.256448 -2169.891057
537 1102.790189 145.995057
538 -7947.853701 -4279.428452
539 -987.989583 -885.681587
540 2500.688863 6251.385991
541 4916.893789 -367.109607
542 -2891.752337 -3435.290195
543 -2687.250884 2721.379243
544 -1201.958597 -277.193449
545 1750.985528 -1492.329037
546 3288.594805 2100.199652
547 -4448.577479 5515.313310
548 -648.600058 -4411.926181
549 3001.760442 -2959.706873
550 -1092.883659 10420.463189
551 -904.863712 -7423.973554
552 -708.892611 -1205.350925
553 5545.551982 2520.093489
554 -2028.047751 1311.656226
555 -3758.635490 -6458.244012
556 9953.888258 -8113.266227
557 -7879.870136 5844.082725
558 253.880444 -11119.201439
559 1845.993083 2547.308996
560 2505.566393 -4883.367635
561 -7602.776747 7646.566978
562 -8907.835514 4387.441622
563 3264.970299 -5069.576268
564 -6506.771280 -374.512757
565 4722.939332 7823.786777
566 -4720.883011 -6341.184637
567 9283.691823 13164.401632
568 6093.134080 -74.106198
569 -861.416748 3080.919587
570 3653.706140 4153.207179
571 2586.830631 -11212.586743
572 -4720.392192 -3684.283755
573 10579.008753 -3500.794204
574 -707.608435 1503.433777
575 744.476943 1318.354100
576 1379.150906 -10423.282149
577 -5350.592888 -1901.286517
578 -5402.984455 4753.123638
579 -5059.081037 9724.233671
580 6047.881508 -652.105825
581 -119.760129 4288.171209
582 -10876.172311 106.452208
583 -5632.791771 11445.215786
584 3138.894065 1720.174132
585 11239.504480 -1183.347034
586 2148.999813 3800.822285
587 1098.991231 7925.990863
588 1191.235904 4059.335347
589 8811.356373 11828.486238
590 4960.482548 8066.591794
591 -1497.787508 1883.948539
592 4008.839357 -4735.161315
593 6822.723880 1652.248513
594 3961.989029 -5943.325017
595 7442.621021 10035.079727
596 5617.277030 -8648.656887
597 1531.095790 308.212297
598 -6167.464645 1423.825890
599 3118.017610 -9573.086075
600 -8294.479241 5058.179770
601 5154.313867 4423.271565
602 -11332.474518 6646.559230
603 1034.061727 5875.157799
604 4230.667017 583.093132
605 -10481.450045 549.765455
606 5872.714440 -2758.004166
607 991.498845 1857.695240
608 5690.626026 2794.602778
609 2082.998236 -6841.136974
610 464.546578 -9736.177013
611 -2602.607437 2377.872260
612 -548.163367 -1057.135727
613 448.329741 1426.311792
614 4368.882382 1523.356309
615 -4733.713005 -9204.340665
616 -10771.270100 -1598.439589
617 4612.300886 -709.765251
618 2281.962767 -2417.100837
619 2509.862911 -4424.584006
620 1552.081717 9767.162196
621 -9321.948918 -1392.465990
622 -1791.150883 -6845.531296
623 -4439.844466 -4945.180249
624 -2206.139392 4.523973
625 -3675.045757 5155.655044
626 6319.124821 -2418.956570
627 -1246.421044 -11711.800187
628 -5379.574419 -486.503461
629 -4200.578059 2295.108262
630 412.371856 -8419.498878
631 9313.997182 -7120.930498
632 -1548.443476 -3327.488950
633 -8131.825140 2201.737656
634 1033.812375 2147.080206
635 136.505886 -2324.274084
636 -4763.061288 2899.427857
637 -3816.995907 11000.880862
638 -3257.553533 6406.648450
639 649.792251 -14147.827622
640 1625.808507 5899.753307
641 -2123.401691 -3985.324657
642 1206.979843 -8519.221180
643 6134.655841 5914.139604
644 6113.498153 -4704.527378
645 -10687.610389 9998.409033
646 2444.883662 -2918.523964
647 -3347.745181 -60.203622
648 -7864.343336 736.577371
649 3511.412631 3999.226538
650 -570.965525 9481.346912
651 8706.099039 1542.412105
652 -3052.908079 -2338.752987
653 1358.656292 668.318728
654 -1148.290967 -12682.324003
655 332.168148 -1044.109416
656 11698.690734 -8494.247484
657 1606.509507 -3911.141057
658 354.650149 1208.053007
659 -844.942790 -6647.041227
660 -8388.863333 -2587.782589
661 945.825354 -10177.120254
662 -5682.808412 -6405.522736
663 -1979.292425 1242.152284
664 -1058.434538 4598.438607
665 -4120.115890 2160.155252
666 -1695.387241 -3539.270297
667 -6929.870283 9956.952838
668 -6399.175923 1491.632770
669 1635.098110 1987.910157
670 1450.928862 -148.757146
671 -370.241954 426.185407
672 -4557.341452 3734.055266
673 11921.171587 -3841.494584
674 -4126.100640 -653.529118
675 2958.429467 5613.258261
676 -3431.165193 -6814.313440
677 3090.853499 7221.963206
678 1223.353455 8043.861925
679 -7179.086856 4255.104739
680 1699.312891 -2390.637153
681 5381.843938 -2618.601930
682 -4349.007971 -9138.363529
683 4153.470018 626.096672
684 7845.969093 -5914.844527
685 5011.237461 1505.815228
686 -5566.745540 -1100.303453
687 -980.044835 3904.020201
688 -6368.029582 -4790.186990
689 2018.321984 2835.504108
690 -6026.034621 5874.984542
691 271.169858 5644.450652
692 -908.237475 2370.723847
693 1579.906086 4632.199222
694 -4615.083450 -7376.518186
695 3589.030540 -2860.655330
696 5991.709473 8872.755692
697 11163.894717 -9684.273849
698 1567.831600 -4330.058105
699 982.105032 -2266.703348
700 -9102.669343 -11797.567831
701 -1757.228713 6662.536970
702 9685.017404 -599.074272
703 -6597.027670 1375.569899
704 -9143.056298 10610.019900
705 -3230.176308 -4601.896666
706 -11654.360193 -14688.874663
707 4455.040848 7495.647543
708 -2863.961888 6686.799179
709 -111.271196 -694.681518
710 6210.154049 -4152.305293
711 -5754.507452 -1442.822009
712 -11070.729980 3636.131533
713 4939.761703 -9422.858568
714 7749.398326 -5195.315087
715 -1048.206769 -3033.902804
716 -2326.302722 -473.076409
717 -1835.382119 6400.591487
718 -1880.004330 -5888.948204
719 -6859.292341 868.396996
720 -5258.009150 -7485.034300
721 3260.608844 -12235.548062
722 -1542.758171 -12557.095742
723 4529.778143 3104.664190
724 -6261.563429 8936.788275
725 -1899.681407 3241.081243
726 -6451.632928 759.838147
727 -5058.071155 1538.555589
728 -11166.804376 -4529.525542
729 4557.148790 7227.847515
730 9496.007437 -5930.281373
731 -761.100770 7450.560538
732 -345.479371 7371.940073
733 -2237.112770 -3687.127883
734 -7686.826255 -2188.834644
735 1956.257269 -10499.877256
736 -3658.803882 9156.600436
737 5235.117702 6463.283595
738 7928.923831 -6796.065217
739 -3678.685663 -4159.058534
740 -3182.008772 5728.031200
741 -12434.236684 -3930.843591
742 8456.442843 4247.414049
743 5668.625196 -3199.939064
744 -3489.639871 -1230.346042
745 -4035.928337 -7646.011241
746 2057.004123 1440.251851
747 -4214.479929 -9013.964400
748 2509.143282 -1885.917475
749 -6599.846873 3260.597949
750 -2111.532174 2968.565773
751 -5617.471758 7903.563996
752 2643.087825 682.148346
753 -7525.628761 2799.112033
754 -2517.326127 -6742.328614
755 1800.325027 -5579.752243
756 2453.179173 11623.343596
757 5558.250378 -3039.802629
758 401.112435 -9132.598549
759 980.201623 4724.142684
760 201.050190 10483.567048
761 -4329.315435 -8260.461798
762 11087.957390 2029.104092
763 47.922948 6756.571291
764 -8346.412663 -7542.283097
765 4548.344643 -5478.387464
766 7621.492437 -4751.610380
767 -5987.917140 -3228.281488
768 3993.506662 -3020.259970
769 7506.483758 814.741605
770 -5791.609180 -1431.283497
771 -5660.287232 8196.598267
772 -4791.718227 -6821.325134
773 -5589.360815 2296.764281
774 -2500.432247 5503.210181
775 2895.742101 2673.026535
776 -729.006057 7660.622522
777 4305.537415 6056.396037
778 -7732.501255 -4894.063225
779 889.493881 -1070.582180
780 5079.547666 7997.010418
781 5194.879608 5243.089847
782 4568.451058 -6476.754241
783 4635.223663 -4661.773887
784 -5634.271034 -916.762834
785 -2166.352823 -2033.208321
786 10743.417341 9150.460762
787 5820.960650 3913.485166
788 -7977.737985 -121.508092
789 -681.602647 -6439.261663
790 -6.859595 4485.630663
791 -507.847995 -6038.196669
792 5172.005452 9843.321388
793 -4025.828858 -4980.141711
794 1154.411425 -6868.567629
795 -4158.274837 -259.662089
796 7312.919901 2327.973321
797 -2909.486084 -156.283418
798 7956.680753 5902.029269
799 -3801.609763 1596.206415
800 -4502.705796 -4674.348765
801 -954.219586 4783.605373
802 283.062584 6521.704228
803 -2890.173411 -1846.662677
804 5980.537576 1472.722908
805 5433.731441 7657.174716
806 -3960.994492 1503.764217
807 4238.966342 1814.138102
808 6555.286913 9207.228942
809 1306.138143 2848.447344
810 1120.462897 -10583.869850
811 6554.018509 6742.999602
812 -917.087736 -3164.087799
813 -1542.740078 4336.008840
814 4777.672321 -1022.998333
815 4080.750787 -7357.771981
816 -6868.990131 -8732.464747
817 3628.542950 2821.186894
818 480.236650 7178.409417
819 3657.189390 4809.876143
820 -2046.181545 4677.918580
821 -5283.201396 -10921.994887
822 -2227.587266 8525.051668
823 5433.871159 6254.911235
824 6663.168315 1513.830730
825 3842.404363 -9544.015396
826 1074.562426 -3.328454
827 -8170.173203 -848.627889
828 10402.071137 384.576033
829 6091.435922 -4116.843465
830 4070.498861 -144.664162
831 -8374.251869 -2007.810826
832 724.438674 3603.233898
833 561.760492 -979.839544
834 -1682.498543 2084.296856
835 -6356.523710 6182.232478
836 -1526.173456 3618.347587
837 -56.116185 13049.950571
838 5536.988617 5850.650828
839 -3534.861065 -7704.353208
840 773.644147 4076.199055
841 3485.854768 4320.098008
842 5437.796861 1331.730260
843 11884.009195 2857.036521
844 1795.677514 7302.996991
845 -8326.678618 1853.994233
846 6104.833224 5483.050366
847 2615.993492 -1735.899579
848 1.881905 -3845.083457
849 500.798467 -2175.435430
850 4572.998359 -7404.319798
851 1693.980819 222.517303
852 326.192439 7253.539287
853 -4257.842946 -1437.945363
854 -5494.771687 -9508.800347
855 -1514.853799 -11107.326906
856 -6386.386465 1261.622020
857 -2628.421092 5401.102986
858 6064.681196 356.306135
859 2582.849833 3651.978196
860 -6596.962188 -7952.437918
861 -9310.461612 4276.078171
862 -1919.552126 196.792521
863 8500.868811 -64.952855
864 -2981.127427 -6359.569918
865 3977.463075 -1423.873444
866 -4321.902283 15688.409097
867 2603.319343 -960.872805
868 -4190.910377 -4391.677045
869 443.796394 6257.091888
870 -4092.426889 -4793.160998
871 -576.119354 -4040.707588
872 13592.440784 3141.359591
873 1264.952085 -2281.044367
874 -4858.648500 -2780.067151
875 2121.375524 -1066.239310
876 -4333.006356 1321.680139
877 -7535.178534 -635.656936
878 551.171511 16121.934545
879 -3978.351312 4922.100274
880 -1128.180639 2729.060145
881 2523.148491 -3220.866859
882 -360.331938 -7133.256194
883 -747.948038 2870.150359
884 12870.716556 478.342494
885 2637.268542 -215.601553
886 1671.932164 4272.376905
887 -5247.498952 2744.194187
888 -4741.145551 -4696.607235
889 1055.743185 3867.353106
890 167.632589 -2401.017911
891 -406.374371 2750.603483
892 5649.556459 -6172.353714
893 1827.310780 -9349.053048
894 -2923.310495 5598.605836
895 2175.747449 4694.691361
896 -4653.841318 -4869.010707
897 192.723730 8804.547058
898 -2418.831760 794.845199
899 -7161.257760 9173.167839
900 4414.969949 8104.293728
901 446.012779 -2574.372889
902 -1750.747757 5721.267068
903 9066.509754 2356.504554
904 1282.123935 124.374103
905 4844.478834 -8902.704325
906 11755.549409 442.432852
907 -1901.496286 3936.871850
908 4562.654568 -2784.877960
909 1197.593943 3239.298534
910 -935.972896 5657.720506
911 -6151.999820 -4134.450778
912 3863.269814 -6837.991222
913 669.080259 -2593.830998
914 -5733.787553 1751.131079
915 481.470140 -6865.137101
916 6470.801810 6854.201533
917 -2995.099687 -1204.248609
918 -2818.333390 5320.809254
919 -1587.154567 1227.813931
920 1869.628781 8128.649284
921 -12070.026215 -4256.207883
922 6202.241608 7769.683023
923 1144.024871 -5146.868774
924 10673.350380 3691.496101
925 -245.173234 -8702.584989
926 6488.016201 4387.299271
927 -4251.424724 -5194.115830
928 4790.619589 -508.338873
929 -3416.367110 12434.775268
930 3630.377456 -1931.616527
931 -7627.310074 -7161.761848
932 -95.276138 1075.586690
933 -2968.514984 -1983.523524
934 -3917.381824 -1612.740598
935 9069.901909 -4973.173369
936 1672.713249 338.155382
937 -7869.158869 -4444.617947
938 1389.183660 7423.951007
939 -3588.347816 1753.261045
940 2930.572520 -7130.953529
941 -4364.162875 -1010.984106
942 -877.523217 5853.613079
943 -4637.252384 -9520.716505
944 3198.980644 3512.916376
945 2178.422850 -858.927318
946 -8306.612216 4101.340795
947 2963.372002 5091.572929
948 6911.159818 -1616.638942
949 -11771.371869 -3659.202794
950 4670.145606 -3483.536756
951 -811.586433 4847.591311
952 6211.059825 -584.199435
953 9101.146925 6349.234142
954 -1543.326339 2190.156583
955 -1681.522586 -6557.031262
956 -3105.948155 434.489355
957 3087.951645 5424.005996
958 3018.978254 -9547.534760
959 3257.074467 2934.367096
960 2647.298787 397.618889
961 -1335.912747 2455.411351
962 -857.018046 9146.231107
963 3539.892228 10187.320365
964 -8315.013418 -600.323547
965 547.146426 2262.531623
966 266.864146 -1290.274910
967 1716.746137 4576.173714
968 9216.681447 1008.023813
969 7336.318292 -1527.436566
970 2417.809597 330.289298
971 4050.106260 -7674.980301
972 -649.349407 10719.040172
973 1663.676869 12549.104116
974 2599.792336 2043.325090
975 -2890.862913 -3967.827237
976 1246.579195 -2292.332800
977 -9243.694435 1579.104798
978 3216.691391 1568.230128
979 9820.132282 -2410.720795
980 -3928.310070 261.079796
981 287.085867 5868.410142
982 -2533.680837 1360.003148
983 1583.489490 2967.845035
984 43.834371 -1592.621990
985 -6189.894837 6946.669587
986 5035.336145 -8346.767571
987 944.250543 -6186.930332
988 586.025267 -1515.650624
989 915.307317 -3147.149812
990 -272.669819 -240.037847
991 6089.438398 -3127.048401
992 -8706.631724 1128.350258
993 -1692.052865 6339.698598
994 -431.485369 -8755.328099
995 180.173728 -2150.301961
996 1786.780827 -7822.332321
997 -2507.304625 127.065456
998 -3690.542084 816.305720
999 2430.672834 349.298387
1000 -7337.410136 -18794.534864
1001 -918.857004 3020.381181
1002 -4762.437042 -2478.471960
1003 463.301507 8634.655359
1004 -880.372321 -3465.994963
1005 2404.442239 12287.611690
1006 -14767.487927 3841.543862
1007 1056.064329 3535.063312
1008 -1989.937280 4554.353223
1009 5379.415733 6864.318953
1010 -2695.721410 -1231.148618
1011 4963.495093 251.599070
1012 4260.967380 322.913418
1013 2746.100965 1737.431964
1014 5957.702651 563.396690
1015 3590.343049 -88.100370
1016 -2482.460495 5691.219637
1017 -2454.636857 2030.441417
1018 255.857890 -4791.715605
1019 -977.388728 -13907.611012
1020 -726.558312 -1243.798625
1021 366.655456 3780.931653
1022 7228.047759 -2168.314294
1023 481.155841 1109.633316
